307.20, 7750.40, 25408.00, 0
1235.20, 8115.20, 26243.20, 0
1478.40, 7945.60, 25779.20, 0
1817.60, 6992.00, 24963.20, 0
2150.40, 7212.80, 24476.80, 0
1654.40, 6979.20, 24460.80, 0
2294.40, 6835.20, 23737.60, 0
1836.80, 7030.40, 23907.20, 0
1766.40, 7264.00, 24032.00, 0
1888.00, 7430.40, 24182.40, 0
1996.80, 7801.60, 25363.20, 0
1590.40, 7820.80, 27312.00, 0
1340.80, 7187.20, 26156.80, 0
1440.00, 8041.60, 26256.00, 0
1718.40, 8099.20, 25923.20, 0
2512.00, 7401.60, 23942.40, 0
2646.40, 6742.40, 24048.00, 0
2428.80, 6614.40, 23948.80, 0
2486.40, 6710.40, 23782.40, 0
1868.80, 7200.00, 24304.00, 0
2787.20, 7510.40, 24057.60, 0
2560.00, 7411.20, 24876.80, 0
2294.40, 7849.60, 26710.40, 0
2032.00, 7676.80, 26582.40, 0
1945.60, 7993.60, 26672.00, 0
1632.00, 8214.40, 25507.20, 0
2572.80, 7552.00, 24768.00, 0
2896.00, 6672.00, 23795.20, 0
3136.00, 6921.60, 23955.20, 0
2806.40, 6531.20, 23225.60, 0
2806.40, 6598.40, 24048.00, 0
2608.00, 7491.20, 23331.20, 0
3312.00, 6563.20, 23980.80, 0
2841.60, 7875.20, 25673.60, 0
1686.40, 7945.60, 27526.40, 0
1372.80, 7692.80, 26838.40, 0
2137.60, 7568.00, 26044.80, 0
1625.60, 8300.80, 26137.60, 0
2380.80, 7849.60, 25315.20, 0
3424.00, 6598.40, 23728.00, 0
2614.40, 7008.00, 24512.00, 0
2409.60, 6896.00, 23612.80, 0
2771.20, 6512.00, 24908.80, 0
2710.40, 8051.20, 22393.60, 0
3846.40, 6284.80, 22316.80, 0
2732.80, 7388.80, 26694.40, 0
1084.80, 7846.40, 27200.00, 0
1142.40, 7622.40, 27340.80, 0
1372.80, 8028.80, 25817.60, 0
2422.40, 8380.80, 26028.80, 0
2521.60, 7100.80, 25180.80, 0
2883.20, 7756.80, 26150.40, 0
2521.60, 7462.40, 24816.00, 0
2416.00, 6870.40, 23702.40, 0
3184.00, 6697.60, 21878.40, 0
3923.20, 6121.60, 22323.20, 0
3027.20, 6297.60, 22496.00, 0
2134.40, 7542.40, 26659.20, 0
2172.80, 8044.80, 26838.40, 0
2355.20, 7244.80, 27187.20, 0
1094.40, 7632.00, 25782.40, 0
2108.80, 7964.80, 25728.00, 0
2380.80, 7859.20, 24992.00, 0
2515.20, 6694.40, 24435.20, 0
2902.40, 6611.20, 24665.60, 0
3126.40, 7235.20, 24044.80, 0
2358.40, 6908.80, 24380.80, 0
2057.60, 7139.20, 24201.60, 0
2972.80, 8412.80, 24473.60, 0
1929.60, 7651.20, 25107.20, 0
1366.40, 7628.80, 26364.80, 0
1385.60, 8028.80, 27587.20, 0
812.80, 7708.80, 27065.60, 0
1235.20, 8051.20, 25481.60, 0
2739.20, 7820.80, 24816.00, 0
2633.60, 6524.80, 24521.60, 0
2988.80, 6736.00, 24582.40, 0
2684.80, 6252.80, 23123.20, 0
2748.80, 6182.40, 23376.00, 0
2531.20, 7088.00, 23804.80, 0
3280.00, 7033.60, 22617.60, 0
3142.40, 7740.80, 25113.60, 0
1459.20, 7523.20, 26486.40, 0
944.00, 7897.60, 29136.00, 0
1104.00, 7516.80, 26291.20, 0
2144.00, 7692.80, 26675.20, 0
2371.20, 7232.00, 23856.00, 0
2198.40, 6793.60, 25184.00, 0
2700.80, 7142.40, 25667.20, 0
3366.40, 6985.60, 22918.40, 0
2956.80, 5920.00, 22432.00, 0
1779.20, 6780.80, 25305.60, 0
2819.20, 8659.20, 23977.60, 0
3520.00, 7622.40, 23622.40, 0
2672.00, 7248.00, 26393.60, 0
291.20, 7478.40, 28457.60, 0
1155.20, 7891.20, 26409.60, 0
2211.20, 7164.80, 25270.40, 0
2723.20, 6867.20, 25152.00, 0
2572.80, 6550.40, 25251.20, 0
2736.00, 7417.60, 24931.20, 0
2755.20, 7084.80, 23731.20, 0
2924.80, 6876.80, 23187.20, 0
3049.60, 6492.80, 24073.60, 0
2307.20, 7520.00, 24172.80, 0
2809.60, 6912.00, 23708.80, 0
2854.40, 7129.60, 25494.40, 0
3078.40, 6723.20, 26556.80, 0
2387.20, 7756.80, 27843.20, 0
2476.80, 6809.60, 25196.80, 0
2291.20, 7228.80, 25900.80, 0
3164.80, 6672.00, 23683.20, 0
3100.80, 6089.60, 23123.20, 0
2470.40, 6499.20, 25571.20, 0
2371.20, 8432.00, 24633.60, 0
2339.20, 8201.60, 24300.80, 0
2198.40, 6614.40, 24358.40, 0
1417.60, 7696.00, 25987.20, 0
560.00, 7520.00, 25756.80, 0
851.20, 7632.00, 25312.00, 0
1158.40, 8243.20, 26764.80, 0
1478.40, 8089.60, 26755.20, 0
1532.80, 7657.60, 25520.00, 0
2675.20, 6681.60, 22937.60, 0
2096.00, 7091.20, 24016.00, 0
1859.20, 7164.80, 24800.00, 0
1001.60, 7337.60, 24249.60, 0
1478.40, 7059.20, 24662.40, 0
2118.40, 6838.40, 24793.60, 0
1916.80, 7715.20, 25641.60, 0
569.60, 8086.40, 27046.40, 0
467.20, 8083.20, 26448.00, 0
1632.00, 7587.20, 26000.00, 0
2134.40, 6579.20, 24560.00, 0
2579.20, 7136.00, 23340.80, 0
1555.20, 6828.80, 25136.00, 0
1257.60, 7001.60, 25542.40, 0
1376.00, 7612.80, 23436.80, 0
2428.80, 6310.40, 23030.40, 0
2396.80, 7433.60, 25542.40, 0
1059.20, 8134.40, 27993.60, 0
1264.00, 7142.40, 26400.00, 0
992.00, 7113.60, 25769.60, 0
1587.20, 7680.00, 25321.60, 0
2121.60, 7766.40, 25040.00, 0
1865.60, 6841.60, 23900.80, 0
2544.00, 6726.40, 24627.20, 0
2112.00, 6352.00, 23443.20, 0
1510.40, 7312.00, 23475.20, 0
2592.00, 6912.00, 23241.60, 0
2928.00, 7593.60, 25657.60, 0
1664.00, 7827.20, 28627.20, 0
1590.40, 6966.40, 27097.60, 0
889.60, 7654.40, 26486.40, 0
1449.60, 7612.80, 24796.80, 0
3107.20, 6496.00, 22636.80, 0
2684.80, 6784.00, 23638.40, 0
1849.60, 6435.20, 25036.80, 0
1308.80, 8166.40, 24345.60, 0
3526.40, 6601.60, 22854.40, 0
3136.00, 7174.40, 24947.20, 0
774.40, 8595.20, 28796.80, 0
-156.80, 7107.20, 26828.80, 0
1088.00, 7238.40, 24838.40, 0
1993.60, 7449.60, 24630.40, 0
2252.80, 7222.40, 25516.80, 0
1555.20, 6675.20, 23766.40, 0
1904.00, 7590.40, 25100.80, 0
1424.00, 7875.20, 24028.80, 0
2236.80, 7382.40, 24406.40, 0
2425.60, 7305.60, 23097.60, 0
1404.80, 8140.80, 26659.20, 0
-182.40, 8134.40, 26665.60, 0
320.00, 7094.40, 25516.80, 0
1097.60, 8204.80, 24752.00, 0
2368.00, 7225.60, 24592.00, 0
2032.00, 7052.80, 24816.00, 0
1260.80, 7187.20, 25344.00, 0
1708.80, 7363.20, 24390.40, 0
1878.40, 8364.80, 26224.00, 0
288.00, 8012.80, 24755.20, 0
624.00, 6598.40, 24278.40, 0
1116.80, 7030.40, 25228.80, 0
-57.60, 8400.00, 26473.60, 0
80.00, 7315.20, 26073.60, 0
1446.40, 6454.40, 24243.20, 0
2384.00, 7788.80, 25257.60, 0
1212.80, 7728.00, 24899.20, 0
1459.20, 6595.20, 23942.40, 0
1366.40, 7379.20, 25424.00, 0
1020.80, 7635.20, 25353.60, 0
1168.00, 6668.80, 23945.60, 0
1660.80, 7164.80, 25952.00, 0
54.40, 8412.80, 26499.20, 0
256.00, 7878.40, 26505.60, 0
1321.60, 6992.00, 24384.00, 0
2172.80, 6694.40, 24304.00, 0
1984.00, 6860.80, 23939.20, 0
1497.60, 7094.40, 24438.40, 0
1001.60, 7561.60, 24406.40, 0
1078.40, 8057.60, 26051.20, 0
1548.80, 6550.40, 23548.80, 0
1753.60, 7100.80, 25808.00, 0
332.80, 8441.60, 28089.60, 0
-144.00, 7680.00, 26835.20, 0
876.80, 7152.00, 24089.60, 0
2089.60, 6841.60, 23782.40, 0
1932.80, 6800.00, 23824.00, 0
1260.80, 6921.60, 24281.60, 0
1340.80, 7059.20, 24809.60, 0
1392.00, 7712.00, 24115.20, 0
1875.20, 7148.80, 25203.20, 0
995.20, 7568.00, 25718.40, 0
620.80, 8092.80, 27958.40, 0
416.00, 7084.80, 26390.40, 0
905.60, 7692.80, 24720.00, 0
2092.80, 6912.00, 23971.20, 0
1875.20, 7120.00, 24233.60, 0
1286.40, 6800.00, 24678.40, 0
1843.20, 7110.40, 25523.20, 0
1491.20, 6665.60, 24553.60, 0
1238.40, 7859.20, 25024.00, 0
2358.40, 6566.40, 22902.40, 0
2579.20, 6889.60, 25900.80, 0
576.00, 8409.60, 28841.60, 0
838.40, 6796.80, 25993.60, 0
1529.60, 6812.80, 23801.60, 0
2217.60, 6592.00, 24166.40, 0
2009.60, 7158.40, 25936.00, 0
1737.60, 7696.00, 26387.20, 0
2540.80, 7011.20, 23616.00, 0
2995.20, 6121.60, 23558.40, 0
2307.20, 6803.20, 24166.40, 0
2147.20, 6947.20, 22608.00, 0
2956.80, 6614.40, 22924.80, 0
2278.40, 8044.80, 25769.60, 0
604.80, 7152.00, 27171.20, 0
534.40, 6892.80, 27430.40, 0
1376.00, 7968.00, 26563.20, 0
1824.00, 7948.80, 26915.20, 0
1907.20, 7916.80, 25971.20, 0
2083.20, 7065.60, 25417.60, 0
2812.80, 6777.60, 22534.40, 0
2864.00, 6556.80, 22608.00, 0
2758.40, 6419.20, 23337.60, 0
2544.00, 7187.20, 23158.40, 0
2188.80, 7225.60, 22704.00, 0
1049.60, 7628.80, 26214.40, 0
70.40, 7974.40, 27027.20, 0
128.00, 7452.80, 26601.60, 0
1068.80, 8236.80, 26297.60, 0
867.20, 8316.80, 28252.80, 0
1200.00, 7456.00, 26652.80, 0
2454.40, 7369.60, 25142.40, 0
2361.60, 7212.80, 24499.20, 0
2121.60, 6380.80, 22396.80, 0
2720.00, 6992.00, 23971.20, 0
1440.00, 6784.00, 24259.20, 0
1433.60, 7420.80, 23148.80, 0
2220.80, 6793.60, 23568.00, 0
1881.60, 7884.80, 25683.20, 0
838.40, 7356.80, 26617.60, 0
585.60, 7814.40, 27577.60, 0
1196.80, 7673.60, 27283.20, 0
1257.60, 7068.80, 25545.60, 0
2406.40, 7385.60, 24140.80, 0
2134.40, 7120.00, 23910.40, 0
1961.60, 7200.00, 24998.40, 0
2393.60, 6812.80, 23923.20, 0
2169.60, 6611.20, 24035.20, 0
1766.40, 8019.20, 24604.80, 0
2480.00, 6172.80, 21820.80, 0
2806.40, 7459.20, 25177.60, 0
1155.20, 8710.40, 30080.00, 0
684.80, 7507.20, 28032.00, 0
1280.00, 7603.20, 27574.40, 0
1001.60, 7542.40, 24771.20, 0
2822.40, 7164.80, 23356.80, 0
2940.80, 7078.40, 23843.20, 0
2742.40, 7152.00, 23875.20, 0
2873.60, 6057.60, 23014.40, 0
2096.00, 6355.20, 24230.40, 0
2336.00, 7993.60, 23494.40, 0
3315.20, 6816.00, 24822.40, 0
2051.20, 7654.40, 25286.40, 0
1104.00, 7280.00, 26480.00, 0
534.40, 8105.60, 28044.80, 0
1046.40, 7686.40, 26166.40, 0
1782.40, 7734.40, 25990.40, 0
2147.20, 7251.20, 23948.80, 0
2435.20, 6544.00, 24515.20, 0
1977.60, 7526.40, 25520.00, 0
2604.80, 7606.40, 25296.00, 0
2547.20, 6870.40, 23084.80, 0
1939.20, 8182.40, 23971.20, 0
3353.60, 6755.20, 22995.20, 0
2524.80, 7635.20, 24860.80, 0
1049.60, 8352.00, 28268.80, 0
364.80, 8352.00, 27920.00, 0
1424.00, 8524.80, 27561.60, 0
1056.00, 7430.40, 24224.00, 0
2089.60, 6921.60, 23788.80, 0
2915.20, 7664.00, 25116.80, 0
2960.00, 7244.80, 23120.00, 0
3872.00, 5865.60, 22288.00, 0
3446.40, 5756.80, 23353.60, 0
3033.60, 6019.20, 23587.20, 0
2105.60, 8432.00, 26406.40, 0
2976.00, 7510.40, 25801.60, 0
2624.00, 8342.40, 27062.40, 0
1651.20, 7718.40, 27024.00, 0
2249.60, 7590.40, 26617.60, 0
2489.60, 8361.60, 27164.80, 0
1628.80, 7190.40, 23504.00, 0
3456.00, 6233.60, 22384.00, 0
4659.20, 6208.00, 22416.00, 0
3721.60, 6393.60, 23984.00, 0
2880.00, 6172.80, 24681.60, 0
2710.40, 6800.00, 23644.80, 0
3619.20, 7145.60, 23676.80, 0
2704.00, 7606.40, 25388.80, 0
1884.80, 6924.80, 24403.20, 0
22.40, 9155.20, 28198.40, 0
972.80, 8560.00, 26937.60, 0
1036.80, 7686.40, 26121.60, 0
1734.40, 8406.40, 27830.40, 0
1030.40, 7308.80, 26563.20, 0
1692.80, 7334.40, 24268.80, 0
3030.40, 6352.00, 24147.20, 0
3212.80, 7244.80, 24809.60, 0
2969.60, 6956.80, 23792.00, 0
2969.60, 6636.80, 23580.80, 0
3616.00, 5552.00, 22185.60, 0
2624.00, 7232.00, 25056.00, 0
2880.00, 8428.80, 23836.80, 0
3612.80, 6771.20, 23958.40, 0
2278.40, 7628.80, 25904.00, 0
1097.60, 6979.20, 25094.40, 0
1500.80, 7001.60, 25264.00, 0
2134.40, 8630.40, 26912.00, 0
1433.60, 7856.00, 27737.60, 0
992.00, 7817.60, 27436.80, 0
1337.60, 7510.40, 26633.60, 0
3001.60, 7152.00, 24134.40, 0
3545.60, 7216.00, 23824.00, 0
2425.60, 7328.00, 24681.60, 0
2486.40, 6611.20, 23024.00, 0
2576.00, 6848.00, 22697.60, 0
2947.20, 8822.40, 24000.00, 0
3142.40, 6867.20, 22377.60, 0
2646.40, 7056.00, 25296.00, 0
934.40, 7788.80, 26857.60, 0
1676.80, 7190.40, 26918.40, 0
1388.80, 7680.00, 26502.40, 0
1449.60, 8057.60, 26835.20, 0
1603.20, 7907.20, 25897.60, 0
1955.20, 7500.80, 24569.60, 0
2892.80, 6688.00, 24684.80, 0
2432.00, 7321.60, 25328.00, 0
2886.40, 7232.00, 23411.20, 0
2825.60, 7084.80, 23100.80, 0
2528.00, 6800.00, 24281.60, 0
2262.40, 7276.80, 23910.40, 0
2768.00, 7129.60, 24192.00, 0
2096.00, 8195.20, 25824.00, 0
1696.00, 7196.80, 25484.80, 0
771.20, 7862.40, 26793.60, 0
1641.60, 7625.60, 25318.40, 0
2057.60, 7302.40, 26080.00, 0
1500.80, 7222.40, 26054.40, 0
1734.40, 6739.20, 26448.00, 0
2364.80, 6796.80, 24969.60, 0
3235.20, 7104.00, 24604.80, 0
3100.80, 6835.20, 23292.80, 0
2931.20, 6400.00, 23244.80, 0
3043.20, 6476.80, 24067.20, 0
2793.60, 7456.00, 23190.40, 0
3427.20, 6771.20, 23401.60, 0
2080.00, 6902.40, 23526.40, 0
1337.60, 7721.60, 26406.40, 0
995.20, 8176.00, 28051.20, 0
1513.60, 8233.60, 28022.40, 0
1843.20, 7088.00, 26336.00, 0
1619.20, 7072.00, 26243.20, 0
1856.00, 7603.20, 26662.40, 0
1782.40, 7027.20, 24912.00, 0
2540.80, 7072.00, 25059.20, 0
2700.80, 7190.40, 24224.00, 0
2838.40, 6620.80, 22550.40, 0
3318.40, 6265.60, 22761.60, 0
2659.20, 6944.00, 23536.00, 0
2976.00, 7366.40, 23411.20, 0
2182.40, 7385.60, 24208.00, 0
1475.20, 8096.00, 26233.60, 0
1062.40, 7763.20, 26700.80, 0
726.40, 8064.00, 26579.20, 0
1424.00, 7753.60, 26380.80, 0
1043.20, 8032.00, 27225.60, 0
828.80, 7788.80, 27808.00, 0
1968.00, 7094.40, 24758.40, 0
3116.80, 6969.60, 23692.80, 0
2918.40, 7449.60, 24537.60, 0
2262.40, 7027.20, 23251.20, 0
3104.00, 6633.60, 22403.20, 0
3334.40, 6659.20, 23465.60, 0
3017.60, 7164.80, 23328.00, 0
2656.00, 7020.80, 23385.60, 0
1676.80, 8172.80, 25833.60, 0
1068.80, 8048.00, 25788.80, 0
1257.60, 7523.20, 26460.80, 0
1369.60, 8240.00, 26630.40, 0
1616.00, 7798.40, 26422.40, 0
1286.40, 7596.80, 27011.20, 0
1350.40, 7680.00, 27289.60, 0
1715.20, 7670.40, 26435.20, 0
2905.60, 6787.20, 22771.20, 0
3257.60, 6710.40, 23398.40, 0
3142.40, 6918.40, 23148.80, 0
3008.00, 6979.20, 22732.80, 0
3052.80, 7120.00, 24051.20, 0
2774.40, 6992.00, 22336.00, 0
2627.20, 7238.40, 24035.20, 0
979.20, 8076.80, 26297.60, 0
342.40, 8758.40, 26166.40, 0
1123.20, 7459.20, 26649.60, 0
1340.80, 8614.40, 27510.40, 0
684.80, 7939.20, 27145.60, 0
694.40, 7606.40, 26732.80, 0
1872.00, 7779.20, 25075.20, 0
2659.20, 7376.00, 25219.20, 0
2508.80, 7008.00, 24131.20, 0
3065.60, 7084.80, 23763.20, 0
2912.00, 6867.20, 22953.60, 0
3580.80, 6403.20, 22604.80, 0
2761.60, 6764.80, 23011.20, 0
2291.20, 7702.40, 23788.80, 0
1756.80, 7555.20, 24259.20, 0
1139.20, 8454.40, 26451.20, 0
1139.20, 8588.80, 28211.20, 0
544.00, 8716.80, 29068.80, 0
627.20, 7728.00, 27110.40, 0
1356.80, 8240.00, 25977.60, 0
3865.60, 5628.80, 20649.60, 0
3145.60, 5424.00, 23315.20, 0
2083.20, 7923.20, 24633.60, 0
2806.40, 7318.40, 22348.80, 0
2774.40, 6592.00, 24217.60, 0
1091.20, 9804.80, 28771.20, 0
876.80, 8054.40, 27152.00, 0
1385.60, 8905.60, 27683.20, 0
2601.60, 6096.00, 22870.40, 0
4000.00, 6000.00, 22899.20, 0
2716.80, 6803.20, 24304.00, 0
2256.00, 7910.40, 25244.80, 0
2716.80, 6931.20, 23686.40, 0
2217.60, 7321.60, 24825.60, 0
1241.60, 9280.00, 28764.80, 0
2172.80, 8204.80, 26601.60, 0
2947.20, 6483.20, 22489.60, 0
4115.20, 5222.40, 23331.20, 0
3840.00, 6550.40, 23321.60, 0
2963.20, 7910.40, 24457.60, 0
3222.40, 6035.20, 22758.40, 0
3081.60, 7200.00, 25286.40, 0
1548.80, 9088.00, 27584.00, 0
1100.80, 7552.00, 27836.80, 0
2025.60, 8064.00, 26512.00, 0
3942.40, 6230.40, 24160.00, 0
3961.60, 5232.00, 22912.00, 0
3081.60, 6569.60, 24752.00, 0
2448.00, 7452.80, 22889.60, 0
3049.60, 6832.00, 23264.00, 0
2435.20, 6892.80, 23408.00, 0
1724.80, 9737.60, 28998.40, 0
1072.00, 8236.80, 27974.40, 0
1328.00, 8460.80, 29424.00, 0
3283.20, 6624.00, 23395.20, 0
5353.60, 5030.40, 22211.20, 0
3017.60, 6601.60, 23004.80, 0
3552.00, 6544.00, 23497.60, 0
2732.80, 7868.80, 24467.20, 0
2790.40, 6768.00, 23232.00, 0
2729.60, 7926.40, 27430.40, 0
985.60, 8732.80, 28585.60, 0
2073.60, 7913.60, 28364.80, 0
2323.20, 8134.40, 26230.40, 0
4684.80, 5123.20, 21267.20, 0
4329.60, 5542.40, 22428.80, 0
3148.80, 7689.60, 23632.00, 0
2563.20, 6697.60, 22240.00, 0
2851.20, 6972.80, 25683.20, 0
1571.20, 9920.00, 27900.80, 0
1926.40, 7142.40, 27760.00, 0
2870.40, 7894.40, 26668.80, 0
2784.00, 7747.20, 26774.40, 0
3900.80, 5900.80, 22992.00, 0
3414.40, 6332.80, 23280.00, 0
3235.20, 6585.60, 23030.40, 0
2633.60, 7372.80, 23532.80, 0
2764.80, 6896.00, 23270.40, 0
2352.00, 7430.40, 23395.20, 0
2249.60, 8784.00, 28921.60, 0
1385.60, 8454.40, 27782.40, 0
1609.60, 7529.60, 28105.60, 0
1174.40, 7971.20, 27555.20, 0
2393.60, 7280.00, 23536.00, 0
3504.00, 6832.00, 23094.40, 0
3718.40, 6035.20, 22652.80, 0
2329.60, 6630.40, 23750.40, 0
1875.20, 7420.80, 23558.40, 0
2713.60, 6396.80, 20950.40, 0
2736.00, 7788.80, 27084.80, 0
678.40, 9968.00, 29958.40, 0
1014.40, 8201.60, 28403.20, 0
2108.80, 8252.80, 27292.80, 0
1641.60, 8291.20, 26912.00, 0
2700.80, 6182.40, 23686.40, 0
2739.20, 6486.40, 23158.40, 0
3913.60, 6121.60, 22313.60, 0
2665.60, 6310.40, 23641.60, 0
2521.60, 7292.80, 23724.80, 0
2265.60, 6822.40, 23260.80, 0
1955.20, 7910.40, 25158.40, 0
921.60, 9625.60, 29136.00, 0
921.60, 8329.60, 27574.40, 0
1433.60, 8064.00, 26659.20, 0
1548.80, 7558.40, 26220.80, 0
2204.80, 7619.20, 24528.00, 0
2720.00, 6761.60, 24297.60, 0
3235.20, 5705.60, 22448.00, 0
3120.00, 6105.60, 23334.40, 0
2905.60, 7289.60, 24806.40, 0
2716.80, 7433.60, 23062.40, 0
3113.60, 6899.20, 23081.60, 0
2358.40, 8361.60, 27859.20, 0
476.80, 8876.80, 27939.20, 0
1264.00, 7948.80, 27241.60, 0
1852.80, 8422.40, 26998.40, 0
2668.80, 7184.00, 24396.80, 0
3910.40, 6752.00, 23948.80, 0
3414.40, 6556.80, 23184.00, 0
3347.20, 5395.20, 23353.60, 0
2819.20, 7340.80, 24342.40, 0
2908.80, 7084.80, 22377.60, 0
3260.80, 7091.20, 24281.60, 0
1779.20, 8345.60, 25347.20, 0
1827.20, 8963.20, 27945.60, 0
1017.60, 7961.60, 27852.80, 0
2067.20, 7737.60, 26153.60, 0
3366.40, 7177.60, 24361.60, 0
2953.60, 6848.00, 24643.20, 0
2931.20, 6137.60, 24310.40, 0
3286.40, 6880.00, 23964.80, 0
3536.00, 6745.60, 23763.20, 0
2809.60, 7449.60, 23526.40, 0
3046.40, 7264.00, 24403.20, 0
2054.40, 8355.20, 24700.80, 0
1811.20, 8243.20, 26835.20, 0
1094.40, 8582.40, 27840.00, 0
2044.80, 7568.00, 25980.80, 0
3449.60, 6940.80, 23552.00, 0
4208.00, 6438.40, 22691.20, 0
3356.80, 6444.80, 24396.80, 0
2419.20, 7443.20, 25184.00, 0
